4
10
0
25
2
40
10
21
25
5
40
20
10
0
0
1
0
1
51
10
35
2
15
0
3
3
10
8
10
20
14
5
50
30
5
4
0
7
2
20
0
3
3
4
13
1
10
15
2
4
6
9
0
6
22
8
7
20
10
50
5
0
1
0
10
25
0
40
60
30
0
0
4
2
18
10
2
60
0
60
0
0
0
0
0
0
0
0
0
0
0
0
0
0
10
11
12
20
0
25
2
40
20
20
25
0
40
20
45
0
5
0
0
1
16
10
27
2
0
10
3
3
10
8
45
20
20
30
50
15
0
4
7
7
2
20
1
3
3
4
4
1
10
15
2
4
5
6
0
4
3
7
8
20
20
50
9
5
1
25
10
0
0
0
0
0
0
0
0
0
0
0
0
0
0
0
0
0
0
0
0
0
0
0
0
0
0
0
0
0
0
0
0
20
0
25
2
40
20
20
25
0
40
20
45
0
5
0
0
1
16
10
27
2
0
10
3
3
10
8
45
20
20
30
50
15
0
4
7
7
2
20
1
3
3
4
4
1
10
15
2
4
5
6
0
4
3
7
8
20
20
50
9
5
1
25
10
0
0
0
0
0
0
0
0
0
0
0
0
0
0
0
0
0
0
0
0
0
0
0
0
0
0
0
0
0
0
0
0
20
0
25
2
40
20
20
25
0
40
20
45
0
5
0
0
1
16
10
27
2
0
10
3
3
10
8
45
20
20
30
50
15
0
4
7
7
2
20
1
3
3
4
4
1
10
15
2
4
5
6
0
4
3
7
8
20
20
50
9
5
1
25
10
0
0
0
0
0
0
0
0
0
0
0
0
0
0
0
0
0
0
0
0
0
0
0
0
0
0
0
0
0
0
0
0
