4
10
25
50
2
40
10
10
50
5
40
15
0
0
0
0
0
1
47
10
50
2
15
5
3
3
10
20
0
20
5
0
50
15
13
4
0
7
2
20
0
3
3
4
16
1
10
15
2
0
5
6
4
4
22
7
8
20
10
50
9
5
1
0
10
20
0
50
15
35
15
30
4
2
19
10
4
45
0
0
0
0
0
0
0
0
0
0
0
0
0
0
0
0
10
11
12
20
0
25
2
40
20
20
25
0
40
20
45
0
5
0
0
1
16
10
27
2
0
10
3
3
10
8
45
20
20
30
50
15
0
4
7
7
2
20
1
3
3
4
4
1
10
15
2
4
5
6
0
4
3
7
8
20
20
50
9
5
1
25
10
0
0
0
0
0
0
0
0
0
0
0
0
0
0
0
0
0
0
0
0
0
0
0
0
0
0
0
0
0
0
0
0
20
0
25
2
40
20
20
25
0
40
20
45
0
5
0
0
1
16
10
27
2
0
10
3
3
10
8
45
20
20
30
50
15
0
4
7
7
2
20
1
3
3
4
4
1
10
15
2
4
5
6
0
4
3
7
8
20
20
50
9
5
1
25
10
0
0
0
0
0
0
0
0
0
0
0
0
0
0
0
0
0
0
0
0
0
0
0
0
0
0
0
0
0
0
0
0
20
0
25
2
40
20
20
25
0
40
20
45
0
5
0
0
1
16
10
27
2
0
10
3
3
10
8
45
20
20
30
50
15
0
4
7
7
2
20
1
3
3
4
4
1
10
15
2
4
5
6
0
4
3
7
8
20
20
50
9
5
1
25
10
0
0
0
0
0
0
0
0
0
0
0
0
0
0
0
0
0
0
0
0
0
0
0
0
0
0
0
0
0
0
0
0
