4
20
0
25
2
10
20
6
25
5
10
20
45
0
0
0
66
1
51
0
62
2
15
5
3
3
0
8
45
20
6
30
50
8
13
4
0
7
2
15
0
3
3
4
4
1
10
15
2
4
5
6
0
2
22
7
8
20
100
50
9
5
2
0
10
0
0
40
60
10
0
0
4
2
16
8
4
60
0
60
8
0
0
16
10
27
2
0
10
3
3
10
8
45
10
11
12
20
0
25
2
40
20
20
25
0
40
20
45
0
5
0
0
1
16
10
27
2
0
10
3
3
10
8
45
20
20
30
50
15
0
4
7
7
2
20
1
3
3
4
4
1
10
15
2
4
5
6
0
4
3
7
8
20
20
50
9
5
1
25
10
0
0
0
0
0
0
0
0
0
0
0
0
0
0
0
0
0
0
0
0
0
0
0
0
0
0
0
0
0
0
0
0
20
0
25
2
40
20
20
25
0
40
20
45
0
5
0
0
1
16
10
27
2
0
10
3
3
10
8
45
20
20
30
50
15
0
4
7
7
2
20
1
3
3
4
4
1
10
15
2
4
5
6
0
4
3
7
8
20
20
50
9
5
1
25
10
0
0
0
0
0
0
0
0
0
0
0
0
0
0
0
0
0
0
0
0
0
0
0
0
0
0
0
0
0
0
0
0
20
0
25
2
40
20
20
25
0
40
20
45
0
5
0
0
1
16
10
27
2
0
10
3
3
10
8
45
20
20
30
50
15
0
4
7
7
2
20
1
3
3
4
4
1
10
15
2
4
5
6
0
4
3
7
8
20
20
50
9
5
1
25
10
0
0
0
0
0
0
0
0
0
0
0
0
0
0
0
0
0
0
0
0
0
0
0
0
0
0
0
0
0
0
0
0
